-- EXTREME CONVERTER V2 (Unlimited Keyframes & ID Sync)
local function Build()
	local obj_1 = Instance.new("KeyframeSequence")
	obj_1.Name = "Imported Animation Clip"
	obj_1.Loop = false
	obj_1.Priority = Enum.AnimationPriority.Action
	local obj_2 = Instance.new("Keyframe")
	obj_2.Name = "Keyframe"
	obj_2.Time = 0
	obj_2.Parent = obj_1
	local obj_3 = Instance.new("Pose")
	obj_3.Name = "HumanoidRootPart"
	obj_3.CFrame = CFrame.new(0, 0, 0, 1, 0, 0, 0, 1, 0, 0, 0, 1)
	obj_3.Weight = 0
	obj_3.EasingStyle = Enum.PoseEasingStyle.Linear
	obj_3.EasingDirection = Enum.PoseEasingDirection.In
	obj_3.Parent = obj_2
	local obj_4 = Instance.new("Pose")
	obj_4.Name = "Torso"
	obj_4.CFrame = CFrame.new(-0.000208793746, 0.0072660218, -0.0059008603, 0.999993622, -0.0017462949, -0.00312033482, 0.00163497822, 0.999374449, -0.0353278704, 0.00318007567, 0.0353225432, 0.999370933)
	obj_4.Weight = 1
	obj_4.EasingStyle = Enum.PoseEasingStyle.Linear
	obj_4.EasingDirection = Enum.PoseEasingDirection.In
	obj_4.Parent = obj_3
	local obj_5 = Instance.new("Pose")
	obj_5.Name = "Left Leg"
	obj_5.CFrame = CFrame.new(0.104171418, 0.0798956752, -0.00364911556, 0.999984264, 0.00450730091, -0.00334233022, -0.00452312222, 0.999978602, -0.00473353919, 0.00332088512, 0.00474858098, 0.999983191)
	obj_5.Weight = 1
	obj_5.EasingStyle = Enum.PoseEasingStyle.Linear
	obj_5.EasingDirection = Enum.PoseEasingDirection.In
	obj_5.Parent = obj_4
	local obj_6 = Instance.new("Pose")
	obj_6.Name = "Right Arm"
	obj_6.CFrame = CFrame.new(0.0228354037, 0.0372638106, 0.000498235226, 0.995044827, -0.0860829204, 0.0497558191, 0.085557051, 0.99625349, 0.0126096932, -0.0506549217, -0.00829037093, 0.998681784)
	obj_6.Weight = 1
	obj_6.EasingStyle = Enum.PoseEasingStyle.Linear
	obj_6.EasingDirection = Enum.PoseEasingDirection.In
	obj_6.Parent = obj_4
	local obj_7 = Instance.new("Pose")
	obj_7.Name = "Head"
	obj_7.CFrame = CFrame.new(8.8068191e-08, 1.58324838e-08, -2.98023224e-07, 0.999998212, 0.000588057621, 0.00183947699, -0.000640106446, 0.999595761, 0.0284239501, -0.00182201841, -0.028425077, 0.999594271)
	obj_7.Weight = 1
	obj_7.EasingStyle = Enum.PoseEasingStyle.Linear
	obj_7.EasingDirection = Enum.PoseEasingDirection.In
	obj_7.Parent = obj_4
	local obj_8 = Instance.new("Pose")
	obj_8.Name = "Right Leg"
	obj_8.CFrame = CFrame.new(0.0368039384, 0.00938344002, 0.00360688567, 0.999274194, -0.0380586833, -0.00161464652, 0.0380629003, 0.999271691, 0.0027011151, 0.00151073153, -0.00276063336, 0.999995112)
	obj_8.Weight = 1
	obj_8.EasingStyle = Enum.PoseEasingStyle.Linear
	obj_8.EasingDirection = Enum.PoseEasingDirection.In
	obj_8.Parent = obj_4
	local obj_9 = Instance.new("Pose")
	obj_9.Name = "Left Arm"
	obj_9.CFrame = CFrame.new(-0.00277939998, 0.0374723375, -9.53674316e-06, 0.999874651, 0.015230028, -0.00433513569, -0.0152292233, 0.999884009, 0.000203543445, 0.00433771731, -0.000137559022, 0.999990582)
	obj_9.Weight = 1
	obj_9.EasingStyle = Enum.PoseEasingStyle.Linear
	obj_9.EasingDirection = Enum.PoseEasingDirection.In
	obj_9.Parent = obj_4
	local obj_10 = Instance.new("Keyframe")
	obj_10.Name = "Keyframe"
	obj_10.Time = 0.01666666753590107
	obj_10.Parent = obj_1
	local obj_11 = Instance.new("Pose")
	obj_11.Name = "HumanoidRootPart"
	obj_11.CFrame = CFrame.new(0, 0, 0, 1, 0, 0, 0, 1, 0, 0, 0, 1)
	obj_11.Weight = 0
	obj_11.EasingStyle = Enum.PoseEasingStyle.Linear
	obj_11.EasingDirection = Enum.PoseEasingDirection.In
	obj_11.Parent = obj_10
	local obj_12 = Instance.new("Pose")
	obj_12.Name = "Torso"
	obj_12.CFrame = CFrame.new(-0.000796329696, 0.0254310761, -0.0212636013, 0.999909401, -0.00795211177, -0.0108623942, 0.00645245472, 0.991266072, -0.13171944, 0.0118149705, 0.131637424, 0.991227567)
	obj_12.Weight = 1
	obj_12.EasingStyle = Enum.PoseEasingStyle.Linear
	obj_12.EasingDirection = Enum.PoseEasingDirection.In
	obj_12.Parent = obj_11
	local obj_13 = Instance.new("Pose")
	obj_13.Name = "Left Leg"
	obj_13.CFrame = CFrame.new(0.133589283, 0.0708814263, -0.0126261115, 0.99980092, 0.013583025, -0.0146149462, -0.0138270352, 0.999764562, -0.0167241041, 0.0143843032, 0.0169228725, 0.999753296)
	obj_13.Weight = 1
	obj_13.EasingStyle = Enum.PoseEasingStyle.Linear
	obj_13.EasingDirection = Enum.PoseEasingDirection.In
	obj_13.Parent = obj_12
	local obj_14 = Instance.new("Pose")
	obj_14.Name = "Right Arm"
	obj_14.CFrame = CFrame.new(0.0793577135, 0.0354970098, 0.00247046351, 0.932507932, -0.31643483, 0.174063429, 0.308309525, 0.94851017, 0.0726212412, -0.188080847, -0.0140545676, 0.982053041)
	obj_14.Weight = 1
	obj_14.EasingStyle = Enum.PoseEasingStyle.Linear
	obj_14.EasingDirection = Enum.PoseEasingDirection.In
	obj_14.Parent = obj_12
	local obj_15 = Instance.new("Pose")
	obj_15.Name = "Head"
	obj_15.CFrame = CFrame.new(9.68575478e-08, -5.96046448e-08, 4.17232513e-07, 0.999974787, 0.00263091805, 0.00660452573, -0.00331300194, 0.994415283, 0.105486773, -0.00629011495, -0.105506018, 0.994398832)
	obj_15.Weight = 1
	obj_15.EasingStyle = Enum.PoseEasingStyle.Linear
	obj_15.EasingDirection = Enum.PoseEasingDirection.In
	obj_15.Parent = obj_12
	local obj_16 = Instance.new("Pose")
	obj_16.Name = "Right Leg"
	obj_16.CFrame = CFrame.new(0.131768674, 0.0405932069, 0.0132589638, 0.989840865, -0.141993076, -0.00729219755, 0.142057925, 0.98981446, 0.00932180788, 0.00589435175, -0.0102630556, 0.999929965)
	obj_16.Weight = 1
	obj_16.EasingStyle = Enum.PoseEasingStyle.Linear
	obj_16.EasingDirection = Enum.PoseEasingDirection.In
	obj_16.Parent = obj_12
	local obj_17 = Instance.new("Pose")
	obj_17.Name = "Left Arm"
	obj_17.CFrame = CFrame.new(-0.010582719, 0.0372527838, -6.19292259e-05, 0.998145282, 0.0585607216, -0.0166366827, -0.0585408024, 0.998283625, 0.00167913886, 0.0167064369, -0.000702221703, 0.999860227)
	obj_17.Weight = 1
	obj_17.EasingStyle = Enum.PoseEasingStyle.Linear
	obj_17.EasingDirection = Enum.PoseEasingDirection.In
	obj_17.Parent = obj_12
	local obj_18 = Instance.new("Keyframe")
	obj_18.Name = "Keyframe"
	obj_18.Time = 0.03333333507180214
	obj_18.Parent = obj_1
	local obj_19 = Instance.new("Pose")
	obj_19.Name = "HumanoidRootPart"
	obj_19.CFrame = CFrame.new(0, 0, 0, 1, 0, 0, 0, 1, 0, 0, 0, 1)
	obj_19.Weight = 0
	obj_19.EasingStyle = Enum.PoseEasingStyle.Linear
	obj_19.EasingDirection = Enum.PoseEasingDirection.In
	obj_19.Parent = obj_18
	local obj_20 = Instance.new("Pose")
	obj_20.Name = "Torso"
	obj_20.CFrame = CFrame.new(-0.0017043394, 0.0490456447, -0.0425789319, 0.999591827, -0.0202330071, -0.0201690607, 0.0139542911, 0.961829126, -0.273294836, 0.0249287654, 0.272901833, 0.961718857)
	obj_20.Weight = 1
	obj_20.EasingStyle = Enum.PoseEasingStyle.Linear
	obj_20.EasingDirection = Enum.PoseEasingDirection.In
	obj_20.Parent = obj_19
	local obj_21 = Instance.new("Pose")
	obj_21.Name = "Left Leg"
	obj_21.CFrame = CFrame.new(0.160106078, 0.0400084257, -0.0236116648, 0.999169528, 0.0188466683, -0.036126215, -0.0199958887, 0.999296844, -0.0317192376, 0.0355029516, 0.0324152, 0.998843729)
	obj_21.Weight = 1
	obj_21.EasingStyle = Enum.PoseEasingStyle.Linear
	obj_21.EasingDirection = Enum.PoseEasingDirection.In
	obj_21.Parent = obj_20
	local obj_22 = Instance.new("Pose")
	obj_22.Name = "Right Arm"
	obj_22.CFrame = CFrame.new(0.15285486, 0.0295394957, 0.00704729557, 0.725430012, -0.615405142, 0.308265895, 0.577303171, 0.787890851, 0.21435748, -0.374796569, 0.0224614237, 0.926835001)
	obj_22.Weight = 1
	obj_22.EasingStyle = Enum.PoseEasingStyle.Linear
	obj_22.EasingDirection = Enum.PoseEasingDirection.In
	obj_22.Parent = obj_20
	local obj_23 = Instance.new("Pose")
	obj_23.Name = "Head"
	obj_23.CFrame = CFrame.new(1.17812306e-07, -2.23517418e-08, -2.08616257e-07, 0.999889791, 0.00632314198, 0.0134381577, -0.00910450984, 0.975847006, 0.218265757, -0.0117334565, -0.21836403, 0.975796878)
	obj_23.Weight = 1
	obj_23.EasingStyle = Enum.PoseEasingStyle.Linear
	obj_23.EasingDirection = Enum.PoseEasingDirection.In
	obj_23.Parent = obj_20
	local obj_24 = Instance.new("Pose")
	obj_24.Name = "Right Leg"
	obj_24.CFrame = CFrame.new(0.258978844, 0.100843787, 0.0274281502, 0.955506265, -0.294400305, -0.0183423273, 0.294706792, 0.955434442, 0.0171208102, 0.0124845803, -0.0217646863, 0.999685228)
	obj_24.Weight = 1
	obj_24.EasingStyle = Enum.PoseEasingStyle.Linear
	obj_24.EasingDirection = Enum.PoseEasingDirection.In
	obj_24.Parent = obj_20
	local obj_25 = Instance.new("Pose")
	obj_25.Name = "Left Arm"
	obj_25.CFrame = CFrame.new(-0.0225986689, 0.0365790725, -0.000179052353, 0.991295516, 0.12669234, -0.0358093381, -0.126552835, 0.991940856, 0.00614262559, 0.0362989604, -0.00155749312, 0.999339759)
	obj_25.Weight = 1
	obj_25.EasingStyle = Enum.PoseEasingStyle.Linear
	obj_25.EasingDirection = Enum.PoseEasingDirection.In
	obj_25.Parent = obj_20
	local obj_26 = Instance.new("Keyframe")
	obj_26.Name = "Keyframe"
	obj_26.Time = 0.05000000074505806
	obj_26.Parent = obj_1
	local obj_27 = Instance.new("Pose")
	obj_27.Name = "HumanoidRootPart"
	obj_27.CFrame = CFrame.new(0, 0, 0, 1, 0, 0, 0, 1, 0, 0, 0, 1)
	obj_27.Weight = 0
	obj_27.EasingStyle = Enum.PoseEasingStyle.Linear
	obj_27.EasingDirection = Enum.PoseEasingDirection.In
	obj_27.Parent = obj_26
	local obj_28 = Instance.new("Pose")
	obj_28.Name = "Torso"
	obj_28.CFrame = CFrame.new(-0.0028745553, 0.0726602077, -0.0663375854, 0.998845279, -0.039613191, -0.0271837842, 0.0235954858, 0.897359669, -0.440668643, 0.0418499224, 0.439518362, 0.897258162)
	obj_28.Weight = 1
	obj_28.EasingStyle = Enum.PoseEasingStyle.Linear
	obj_28.EasingDirection = Enum.PoseEasingDirection.In
	obj_28.Parent = obj_27
	local obj_29 = Instance.new("Pose")
	obj_29.Name = "Left Leg"
	obj_29.CFrame = CFrame.new(0.160467967, -0.0173659325, -0.0334866643, 0.997509301, 0.0127533115, -0.0693738014, -0.0158510245, 0.998893082, -0.0442871563, 0.0687321499, 0.0452765115, 0.996607244)
	obj_29.Weight = 1
	obj_29.EasingStyle = Enum.PoseEasingStyle.Linear
	obj_29.EasingDirection = Enum.PoseEasingDirection.In
	obj_29.Parent = obj_28
	local obj_30 = Instance.new("Pose")
	obj_30.Name = "Right Arm"
	obj_30.CFrame = CFrame.new(0.228722453, 0.0193627998, 0.0142600834, 0.381332606, -0.850989759, 0.361112058, 0.749925435, 0.513182759, 0.417439014, -0.540552676, 0.111623958, 0.833872199)
	obj_30.Weight = 1
	obj_30.EasingStyle = Enum.PoseEasingStyle.Linear
	obj_30.EasingDirection = Enum.PoseEasingDirection.In
	obj_30.Parent = obj_28
	local obj_31 = Instance.new("Pose")
	obj_31.Name = "Head"
	obj_31.CFrame = CFrame.new(1.34110451e-07, 8.94069672e-08, -8.94069672e-08, 0.999693871, 0.0118993102, 0.02169526, -0.0187845267, 0.935668647, 0.35237956, -0.0161064994, -0.352679193, 0.935605705)
	obj_31.Weight = 1
	obj_31.EasingStyle = Enum.PoseEasingStyle.Linear
	obj_31.EasingDirection = Enum.PoseEasingDirection.In
	obj_31.Parent = obj_28
	local obj_32 = Instance.new("Pose")
	obj_32.Name = "Right Leg"
	obj_32.CFrame = CFrame.new(0.391126812, 0.192480206, 0.0447803438, 0.880204141, -0.47326386, -0.0355261452, 0.47415176, 0.880149841, 0.0227258839, 0.020513054, -0.0368482135, 0.999110401)
	obj_32.Weight = 1
	obj_32.EasingStyle = Enum.PoseEasingStyle.Linear
	obj_32.EasingDirection = Enum.PoseEasingDirection.In
	obj_32.Parent = obj_28
	local obj_33 = Instance.new("Pose")
	obj_33.Name = "Left Arm"
	obj_33.CFrame = CFrame.new(-0.0380315781, 0.0351487398, -0.000370949507, 0.974541605, 0.21591267, -0.0604203045, -0.215355188, 0.976410151, 0.015667947, 0.062377885, -0.00225734245, 0.998050094)
	obj_33.Weight = 1
	obj_33.EasingStyle = Enum.PoseEasingStyle.Linear
	obj_33.EasingDirection = Enum.PoseEasingDirection.In
	obj_33.Parent = obj_28
	local obj_34 = Instance.new("Keyframe")
	obj_34.Name = "Keyframe"
	obj_34.Time = 0.06666667014360428
	obj_34.Parent = obj_1
	local obj_35 = Instance.new("Pose")
	obj_35.Name = "HumanoidRootPart"
	obj_35.CFrame = CFrame.new(0, 0, 0, 1, 0, 0, 0, 1, 0, 0, 0, 1)
	obj_35.Weight = 0
	obj_35.EasingStyle = Enum.PoseEasingStyle.Linear
	obj_35.EasingDirection = Enum.PoseEasingDirection.In
	obj_35.Parent = obj_34
	local obj_36 = Instance.new("Pose")
	obj_36.Name = "Torso"
	obj_36.CFrame = CFrame.new(-0.00424870942, 0.0908252671, -0.0890300274, 0.997448444, -0.0658140853, -0.0276605058, 0.0351823457, 0.790298939, -0.611710548, 0.0621192381, 0.609176576, 0.790597916)
	obj_36.Weight = 1
	obj_36.EasingStyle = Enum.PoseEasingStyle.Linear
	obj_36.EasingDirection = Enum.PoseEasingDirection.In
	obj_36.Parent = obj_35
	local obj_37 = Instance.new("Pose")
	obj_37.Name = "Left Leg"
	obj_37.CFrame = CFrame.new(0.112570547, -0.0860278606, -0.0398443937, 0.993486404, -0.00704439962, -0.113733433, 0.00154144887, 0.998826802, -0.0484007113, 0.113940939, 0.0479101166, 0.992331624)
	obj_37.Weight = 1
	obj_37.EasingStyle = Enum.PoseEasingStyle.Linear
	obj_37.EasingDirection = Enum.PoseEasingDirection.In
	obj_37.Parent = obj_36
	local obj_38 = Instance.new("Pose")
	obj_38.Name = "Right Arm"
	obj_38.CFrame = CFrame.new(0.2900545, 0.00884489715, 0.0217970312, 0.046760153, -0.952741981, 0.300160378, 0.764118612, 0.22765632, 0.603568792, -0.643378735, 0.201135054, 0.738653183)
	obj_38.Weight = 1
	obj_38.EasingStyle = Enum.PoseEasingStyle.Linear
	obj_38.EasingDirection = Enum.PoseEasingDirection.In
	obj_38.Parent = obj_36
	local obj_39 = Instance.new("Pose")
	obj_39.Name = "Head"
	obj_39.CFrame = CFrame.new(1.07102096e-07, 7.4505806e-08, 3.57627869e-07, 0.999324679, 0.0199441593, 0.0308612399, -0.0325721502, 0.869543254, 0.49278155, -0.0170070734, -0.493454009, 0.869605601)
	obj_39.Weight = 1
	obj_39.EasingStyle = Enum.PoseEasingStyle.Linear
	obj_39.EasingDirection = Enum.PoseEasingDirection.In
	obj_39.Parent = obj_36
	local obj_40 = Instance.new("Pose")
	obj_40.Name = "Right Leg"
	obj_40.CFrame = CFrame.new(0.504867792, 0.307249755, 0.0641629696, 0.755248129, -0.652819932, -0.058536943, 0.654772758, 0.755491436, 0.022483021, 0.0295468606, -0.0553086475, 0.998032093)
	obj_40.Weight = 1
	obj_40.EasingStyle = Enum.PoseEasingStyle.Linear
	obj_40.EasingDirection = Enum.PoseEasingDirection.In
	obj_40.Parent = obj_36
	local obj_41 = Instance.new("Pose")
	obj_41.Name = "Left Arm"
	obj_41.CFrame = CFrame.new(-0.0561314821, 0.032648921, -0.000643908978, 0.942851782, 0.321274549, -0.0883931816, -0.319648951, 0.946983516, 0.0323560089, 0.0941020101, -0.00225221482, 0.99555999)
	obj_41.Weight = 1
	obj_41.EasingStyle = Enum.PoseEasingStyle.Linear
	obj_41.EasingDirection = Enum.PoseEasingDirection.In
	obj_41.Parent = obj_36
	local obj_42 = Instance.new("Keyframe")
	obj_42.Name = "Keyframe"
	obj_42.Time = 0.0833333358168602
	obj_42.Parent = obj_1
	local obj_43 = Instance.new("Pose")
	obj_43.Name = "HumanoidRootPart"
	obj_43.CFrame = CFrame.new(0, 0, 0, 1, 0, 0, 0, 1, 0, 0, 0, 1)
	obj_43.Weight = 0
	obj_43.EasingStyle = Enum.PoseEasingStyle.Linear
	obj_43.EasingDirection = Enum.PoseEasingDirection.In
	obj_43.Parent = obj_42
	local obj_44 = Instance.new("Pose")
	obj_44.Name = "Torso"
	obj_44.CFrame = CFrame.new(-0.0057685324, 0.0980912745, -0.107146978, 0.995114267, -0.0971488804, -0.0176009089, 0.0491104424, 0.641713262, -0.765370727, 0.0856496394, 0.760766983, 0.643348932)
	obj_44.Weight = 1
	obj_44.EasingStyle = Enum.PoseEasingStyle.Linear
	obj_44.EasingDirection = Enum.PoseEasingDirection.In
	obj_44.Parent = obj_43
	local obj_45 = Instance.new("Pose")
	obj_45.Name = "Left Leg"
	obj_45.CFrame = CFrame.new(0.00694348663, -0.129882216, -0.0412247777, 0.985517263, -0.0340037495, -0.166130841, 0.0280056018, 0.998873174, -0.0383152291, 0.167246446, 0.0331077203, 0.985359073)
	obj_45.Weight = 1
	obj_45.EasingStyle = Enum.PoseEasingStyle.Linear
	obj_45.EasingDirection = Enum.PoseEasingDirection.In
	obj_45.Parent = obj_44
	local obj_46 = Instance.new("Pose")
	obj_46.Name = "Right Arm"
	obj_46.CFrame = CFrame.new(0.315279245, 0.00144901872, 0.0266905129, -0.14445059, -0.974947453, 0.169149682, 0.689269483, 0.0235087499, 0.724123538, -0.709958851, 0.221189633, 0.668605685)
	obj_46.Weight = 1
	obj_46.EasingStyle = Enum.PoseEasingStyle.Linear
	obj_46.EasingDirection = Enum.PoseEasingDirection.In
	obj_46.Parent = obj_44
	local obj_47 = Instance.new("Pose")
	obj_47.Name = "Head"
	obj_47.CFrame = CFrame.new(7.4505806e-08, 5.96046448e-08, -2.08616257e-07, 0.998674095, 0.0316079669, 0.0406334996, -0.0501048341, 0.777993083, 0.626271963, -0.0118173994, -0.627477467, 0.778545082)
	obj_47.Weight = 1
	obj_47.EasingStyle = Enum.PoseEasingStyle.Linear
	obj_47.EasingDirection = Enum.PoseEasingDirection.In
	obj_47.Parent = obj_44
	local obj_48 = Instance.new("Pose")
	obj_48.Name = "Right Leg"
	obj_48.CFrame = CFrame.new(0.58733362, 0.427482545, 0.0847342908, 0.582560718, -0.808227003, -0.0859787166, 0.811815381, 0.583770812, 0.0129376035, 0.0397354104, -0.0773357898, 0.996212959)
	obj_48.Weight = 1
	obj_48.EasingStyle = Enum.PoseEasingStyle.Linear
	obj_48.EasingDirection = Enum.PoseEasingDirection.In
	obj_48.Parent = obj_44
	local obj_49 = Instance.new("Pose")
	obj_49.Name = "Left Arm"
	obj_49.CFrame = CFrame.new(-0.0762121081, 0.0287973583, -0.00100874901, 0.892248571, 0.436158299, -0.116870381, -0.432301968, 0.899869323, 0.0578805692, 0.13041316, -0.00112057512, 0.991459072)
	obj_49.Weight = 1
	obj_49.EasingStyle = Enum.PoseEasingStyle.Linear
	obj_49.EasingDirection = Enum.PoseEasingDirection.In
	obj_49.Parent = obj_44
	local obj_50 = Instance.new("Keyframe")
	obj_50.Name = "Keyframe"
	obj_50.Time = 0.10000000149011612
	obj_50.Parent = obj_1
	local obj_51 = Instance.new("Pose")
	obj_51.Name = "HumanoidRootPart"
	obj_51.CFrame = CFrame.new(0, 0, 0, 1, 0, 0, 0, 1, 0, 0, 0, 1)
	obj_51.Weight = 0
	obj_51.EasingStyle = Enum.PoseEasingStyle.Linear
	obj_51.EasingDirection = Enum.PoseEasingDirection.In
	obj_51.Parent = obj_50
	local obj_52 = Instance.new("Pose")
	obj_52.Name = "Torso"
	obj_52.CFrame = CFrame.new(-0.00737575814, 0.0980264246, -0.118977547, 0.991435111, -0.130485669, 0.00546869822, 0.065358147, 0.459470153, -0.885785222, 0.113069579, 0.878556013, 0.464063138)
	obj_52.Weight = 1
	obj_52.EasingStyle = Enum.PoseEasingStyle.Linear
	obj_52.EasingDirection = Enum.PoseEasingDirection.In
	obj_52.Parent = obj_51
	local obj_53 = Instance.new("Pose")
	obj_53.Name = "Left Leg"
	obj_53.CFrame = CFrame.new(-0.0983075798, -0.100332737, -0.0326600671, 0.973667741, -0.0550834127, -0.221217498, 0.0541547909, 0.998479784, -0.010265491, 0.221446663, -0.00198484585, 0.975170493)
	obj_53.Weight = 1
	obj_53.EasingStyle = Enum.PoseEasingStyle.Linear
	obj_53.EasingDirection = Enum.PoseEasingDirection.In
	obj_53.Parent = obj_52
	local obj_54 = Instance.new("Pose")
	obj_54.Name = "Right Arm"
	obj_54.CFrame = CFrame.new(0.312218249, 0.00412449241, 0.0287583619, -0.20794268, -0.978023052, 0.0151946452, 0.59540838, -0.114237823, 0.795260072, -0.776046872, 0.17441535, 0.606078088)
	obj_54.Weight = 1
	obj_54.EasingStyle = Enum.PoseEasingStyle.Linear
	obj_54.EasingDirection = Enum.PoseEasingDirection.In
	obj_54.Parent = obj_52
	local obj_55 = Instance.new("Pose")
	obj_55.Name = "Head"
	obj_55.CFrame = CFrame.new(1.13621354e-07, 5.96046448e-08, 1.1920929e-07, 0.997538328, 0.0477191582, 0.0513827577, -0.0701105967, 0.664640903, 0.743866265, 0.0013455865, -0.745637596, 0.666350365)
	obj_55.Weight = 1
	obj_55.EasingStyle = Enum.PoseEasingStyle.Linear
	obj_55.EasingDirection = Enum.PoseEasingDirection.In
	obj_55.Parent = obj_52
	local obj_56 = Instance.new("Pose")
	obj_56.Name = "Right Leg"
	obj_56.CFrame = CFrame.new(0.642694712, 0.54247725, 0.106563658, 0.372757703, -0.920741081, -0.115272708, 0.926539123, 0.376112521, -0.00804773252, 0.0507654548, -0.103804879, 0.993301272)
	obj_56.Weight = 1
	obj_56.EasingStyle = Enum.PoseEasingStyle.Linear
	obj_56.EasingDirection = Enum.PoseEasingDirection.In
	obj_56.Parent = obj_52
	local obj_57 = Instance.new("Pose")
	obj_57.Name = "Left Arm"
	obj_57.CFrame = CFrame.new(-0.0976389349, 0.023399502, -0.00149095058, 0.821239293, 0.552536786, -0.14237006, -0.54465729, 0.833487689, 0.0929873809, 0.170042619, 0.00117787358, 0.985435963)
	obj_57.Weight = 1
	obj_57.EasingStyle = Enum.PoseEasingStyle.Linear
	obj_57.EasingDirection = Enum.PoseEasingDirection.In
	obj_57.Parent = obj_52
	local obj_58 = Instance.new("Keyframe")
	obj_58.Name = "Keyframe"
	obj_58.Time = 0.11666666716337204
	obj_58.Parent = obj_1
	local obj_59 = Instance.new("Pose")
	obj_59.Name = "HumanoidRootPart"
	obj_59.CFrame = CFrame.new(0, 0, 0, 1, 0, 0, 0, 1, 0, 0, 0, 1)
	obj_59.Weight = 0
	obj_59.EasingStyle = Enum.PoseEasingStyle.Linear
	obj_59.EasingDirection = Enum.PoseEasingDirection.In
	obj_59.Parent = obj_58
	local obj_60 = Instance.new("Pose")
	obj_60.Name = "Torso"
	obj_60.CFrame = CFrame.new(-0.00901211612, 0.0975724012, -0.130006075, 0.986260831, -0.160566255, 0.0388333835, 0.0801962763, 0.259859532, -0.962310553, 0.14442338, 0.952203512, 0.269166082)
	obj_60.Weight = 1
	obj_60.EasingStyle = Enum.PoseEasingStyle.Linear
	obj_60.EasingDirection = Enum.PoseEasingDirection.In
	obj_60.Parent = obj_59
	local obj_61 = Instance.new("Pose")
	obj_61.Name = "Left Leg"
	obj_61.CFrame = CFrame.new(-0.132154867, -0.028382659, -0.00938177109, 0.960058689, -0.0688746572, -0.271189481, 0.0805569887, 0.996230721, 0.0321710333, 0.267951429, -0.0527322516, 0.96198827)
	obj_61.Weight = 1
	obj_61.EasingStyle = Enum.PoseEasingStyle.Linear
	obj_61.EasingDirection = Enum.PoseEasingDirection.In
	obj_61.Parent = obj_60
	local obj_62 = Instance.new("Pose")
	obj_62.Name = "Right Arm"
	obj_62.CFrame = CFrame.new(0.305235744, 0.0191218257, 0.029982686, -0.214452446, -0.967823803, -0.131633326, 0.50107038, -0.224695146, 0.835727632, -0.838414431, 0.113266051, 0.533134282)
	obj_62.Weight = 1
	obj_62.EasingStyle = Enum.PoseEasingStyle.Linear
	obj_62.EasingDirection = Enum.PoseEasingDirection.In
	obj_62.Parent = obj_60
	local obj_63 = Instance.new("Pose")
	obj_63.Name = "Head"
	obj_63.CFrame = CFrame.new(1.04308128e-07, -1.49011612e-07, 1.1920929e-07, 0.995804131, 0.0654123127, 0.0639960319, -0.0892148465, 0.538267612, 0.838038623, 0.0203710534, -0.840231657, 0.541844785)
	obj_63.Weight = 1
	obj_63.EasingStyle = Enum.PoseEasingStyle.Linear
	obj_63.EasingDirection = Enum.PoseEasingDirection.In
	obj_63.Parent = obj_60
	local obj_64 = Instance.new("Pose")
	obj_64.Name = "Right Leg"
	obj_64.CFrame = CFrame.new(0.673677802, 0.653088629, 0.129429996, 0.146169156, -0.979040146, -0.141827852, 0.987516582, 0.152911261, -0.0378050916, 0.0586998425, -0.134531423, 0.98916918)
	obj_64.Weight = 1
	obj_64.EasingStyle = Enum.PoseEasingStyle.Linear
	obj_64.EasingDirection = Enum.PoseEasingDirection.In
	obj_64.Parent = obj_60
	local obj_65 = Instance.new("Pose")
	obj_65.Name = "Left Arm"
	obj_65.CFrame = CFrame.new(-0.119790524, 0.0163764954, -0.00213825703, 0.731887043, 0.662065566, -0.161278501, -0.647718132, 0.749434829, 0.13714464, 0.21166648, 0.00408850657, 0.977333367)
	obj_65.Weight = 1
	obj_65.EasingStyle = Enum.PoseEasingStyle.Linear
	obj_65.EasingDirection = Enum.PoseEasingDirection.In
	obj_65.Parent = obj_60
	local obj_66 = Instance.new("Keyframe")
	obj_66.Name = "Keyframe"
	obj_66.Time = 0.13333334028720856
	obj_66.Parent = obj_1
	local obj_67 = Instance.new("Pose")
	obj_67.Name = "HumanoidRootPart"
	obj_67.CFrame = CFrame.new(0, 0, 0, 1, 0, 0, 0, 1, 0, 0, 0, 1)
	obj_67.Weight = 0
	obj_67.EasingStyle = Enum.PoseEasingStyle.Linear
	obj_67.EasingDirection = Enum.PoseEasingDirection.In
	obj_67.Parent = obj_66
	local obj_68 = Instance.new("Pose")
	obj_68.Name = "Torso"
	obj_68.CFrame = CFrame.new(-0.0106193442, 0.0963400453, -0.147515535, 0.980026126, -0.183687478, 0.0762085468, 0.0899141952, 0.0674664229, -0.993661761, 0.177381709, 0.980666697, 0.0826349705)
	obj_68.Weight = 1
	obj_68.EasingStyle = Enum.PoseEasingStyle.Linear
	obj_68.EasingDirection = Enum.PoseEasingDirection.In
	obj_68.Parent = obj_67
	local obj_69 = Instance.new("Pose")
	obj_69.Name = "Left Leg"
	obj_69.CFrame = CFrame.new(-0.0973306298, 0.0239382982, 0.0278906226, 0.946632624, -0.0854487941, -0.310781777, 0.115551896, 0.990095317, 0.0797433108, 0.300889552, -0.111399002, 0.947130322)
	obj_69.Weight = 1
	obj_69.EasingStyle = Enum.PoseEasingStyle.Linear
	obj_69.EasingDirection = Enum.PoseEasingDirection.In
	obj_69.Parent = obj_68
	local obj_70 = Instance.new("Pose")
	obj_70.Name = "Right Arm"
	obj_70.CFrame = CFrame.new(0.296333909, 0.0407394767, 0.0309240818, -0.183870241, -0.949870706, -0.252858281, 0.421555847, -0.308588177, 0.852680504, -0.887965381, 0.0501886494, 0.457163811)
	obj_70.Weight = 1
	obj_70.EasingStyle = Enum.PoseEasingStyle.Linear
	obj_70.EasingDirection = Enum.PoseEasingDirection.In
	obj_70.Parent = obj_68
	local obj_71 = Instance.new("Pose")
	obj_71.Name = "Head"
	obj_71.CFrame = CFrame.new(9.31322575e-08, 5.96046448e-08, 1.63912773e-07, 0.993652999, 0.081105642, 0.0779471844, -0.104764841, 0.414884716, 0.903822482, 0.0409660004, -0.906251907, 0.420748532)
	obj_71.Weight = 1
	obj_71.EasingStyle = Enum.PoseEasingStyle.Linear
	obj_71.EasingDirection = Enum.PoseEasingDirection.In
	obj_71.Parent = obj_68
	local obj_72 = Instance.new("Pose")
	obj_72.Name = "Right Leg"
	obj_72.CFrame = CFrame.new(0.676787972, 0.750278234, 0.15091598, -0.0688057244, -0.984317124, -0.16243653, 0.995820761, -0.0579624511, -0.0705800056, 0.0600579642, -0.166614011, 0.984191477)
	obj_72.Weight = 1
	obj_72.EasingStyle = Enum.PoseEasingStyle.Linear
	obj_72.EasingDirection = Enum.PoseEasingDirection.In
	obj_72.Parent = obj_68
	local obj_73 = Instance.new("Pose")
	obj_73.Name = "Left Arm"
	obj_73.CFrame = CFrame.new(-0.141996294, 0.00777491927, -0.00302395225, 0.629952013, 0.757678688, -0.170538664, -0.733868241, 0.652596653, 0.188560545, 0.254161209, 0.00636876374, 0.967140913)
	obj_73.Weight = 1
	obj_73.EasingStyle = Enum.PoseEasingStyle.Linear
	obj_73.EasingDirection = Enum.PoseEasingDirection.In
	obj_73.Parent = obj_68
	local obj_74 = Instance.new("Keyframe")
	obj_74.Name = "Keyframe"
	obj_74.Time = 0.15000000596046448
	obj_74.Parent = obj_1
	local obj_75 = Instance.new("Pose")
	obj_75.Name = "HumanoidRootPart"
	obj_75.CFrame = CFrame.new(0, 0, 0, 1, 0, 0, 0, 1, 0, 0, 0, 1)
	obj_75.Weight = 0
	obj_75.EasingStyle = Enum.PoseEasingStyle.Linear
	obj_75.EasingDirection = Enum.PoseEasingDirection.In
	obj_75.Parent = obj_74
	local obj_76 = Instance.new("Pose")
	obj_76.Name = "Torso"
	obj_76.CFrame = CFrame.new(-0.0121391602, 0.0939402059, -0.178789154, 0.973707616, -0.199638531, 0.109717824, 0.0928106606, -0.0921893418, -0.991406739, 0.208037779, 0.975523293, -0.0712368786)
	obj_76.Weight = 1
	obj_76.EasingStyle = Enum.PoseEasingStyle.Linear
	obj_76.EasingDirection = Enum.PoseEasingDirection.In
	obj_76.Parent = obj_75
	local obj_77 = Instance.new("Pose")
	obj_77.Name = "Left Leg"
	obj_77.CFrame = CFrame.new(-0.0222322643, 0.0243093967, 0.0746884793, 0.9326666, -0.121101588, -0.339805216, 0.170821473, 0.977925897, 0.120337002, 0.317731261, -0.170280337, 0.932765484)
	obj_77.Weight = 1
	obj_77.EasingStyle = Enum.PoseEasingStyle.Linear
	obj_77.EasingDirection = Enum.PoseEasingDirection.In
	obj_77.Parent = obj_76
	local obj_78 = Instance.new("Pose")
	obj_78.Name = "Right Arm"
	obj_78.CFrame = CFrame.new(0.287498057, 0.0632588267, 0.0320533365, -0.138863593, -0.930165052, -0.339867473, 0.363885283, -0.367110312, 0.85604769, -0.921034455, -0.00479902467, 0.389451593)
	obj_78.Weight = 1
	obj_78.EasingStyle = Enum.PoseEasingStyle.Linear
	obj_78.EasingDirection = Enum.PoseEasingDirection.In
	obj_78.Parent = obj_76
	local obj_79 = Instance.new("Pose")
	obj_79.Name = "Head"
	obj_79.CFrame = CFrame.new(5.58793545e-08, -8.94069672e-08, -4.47034836e-08, 0.991546333, 0.0920892358, 0.0914089009, -0.116044447, 0.31420067, 0.942237616, 0.0580492169, -0.944879651, 0.322230846)
	obj_79.Weight = 1
	obj_79.EasingStyle = Enum.PoseEasingStyle.Linear
	obj_79.EasingDirection = Enum.PoseEasingDirection.In
	obj_79.Parent = obj_76
	local obj_80 = Instance.new("Pose")
	obj_80.Name = "Right Leg"
	obj_80.CFrame = CFrame.new(0.652312875, 0.820922911, 0.16714716, -0.245052233, -0.953230798, -0.176919445, 0.968008518, -0.230412826, -0.0993449092, 0.0539341792, -0.19560422, 0.979198694)
	obj_80.Weight = 1
	obj_80.EasingStyle = Enum.PoseEasingStyle.Linear
	obj_80.EasingDirection = Enum.PoseEasingDirection.In
	obj_80.Parent = obj_76
	local obj_81 = Instance.new("Pose")
	obj_81.Name = "Left Arm"
	obj_81.CFrame = CFrame.new(-0.163485825, -0.00227117538, -0.00424495339, 0.523909926, 0.834992528, -0.168243632, -0.798376679, 0.550226867, 0.244632557, 0.296838552, 0.00615626667, 0.954907835)
	obj_81.Weight = 1
	obj_81.EasingStyle = Enum.PoseEasingStyle.Linear
	obj_81.EasingDirection = Enum.PoseEasingDirection.In
	obj_81.Parent = obj_76
	local obj_82 = Instance.new("Keyframe")
	obj_82.Name = "Keyframe"
	obj_82.Time = 0.1666666716337204
	obj_82.Parent = obj_1
	local obj_83 = Instance.new("Pose")
	obj_83.Name = "HumanoidRootPart"
	obj_83.CFrame = CFrame.new(0, 0, 0, 1, 0, 0, 0, 1, 0, 0, 0, 1)
	obj_83.Weight = 0
	obj_83.EasingStyle = Enum.PoseEasingStyle.Linear
	obj_83.EasingDirection = Enum.PoseEasingDirection.In
	obj_83.Parent = obj_82
	local obj_84 = Instance.new("Pose")
	obj_84.Name = "Torso"
	obj_84.CFrame = CFrame.new(-0.0135133155, 0.0899837315, -0.231109366, 0.968545079, -0.211251765, 0.131503239, 0.089176774, -0.198695838, -0.975995719, 0.232309937, 0.957022786, -0.173607141)
	obj_84.Weight = 1
	obj_84.EasingStyle = Enum.PoseEasingStyle.Linear
	obj_84.EasingDirection = Enum.PoseEasingDirection.In
	obj_84.Parent = obj_83
	local obj_85 = Instance.new("Pose")
	obj_85.Name = "Left Leg"
	obj_85.CFrame = CFrame.new(0.0618996024, -0.0251773596, 0.120599486, 0.911661804, -0.194384664, -0.362059861, 0.25982374, 0.955251634, 0.141371936, 0.318377703, -0.222955167, 0.921372175)
	obj_85.Weight = 1
	obj_85.EasingStyle = Enum.PoseEasingStyle.Linear
	obj_85.EasingDirection = Enum.PoseEasingDirection.In
	obj_85.Parent = obj_84
	local obj_86 = Instance.new("Pose")
	obj_86.Name = "Right Arm"
	obj_86.CFrame = CFrame.new(0.280708581, 0.0809566975, 0.0337662995, -0.0998495072, -0.914789855, -0.391394377, 0.329551101, -0.401563168, 0.85448426, -0.938843071, -0.0436648168, 0.341565788)
	obj_86.Weight = 1
	obj_86.EasingStyle = Enum.PoseEasingStyle.Linear
	obj_86.EasingDirection = Enum.PoseEasingDirection.In
	obj_86.Parent = obj_84
	local obj_87 = Instance.new("Pose")
	obj_87.Name = "Head"
	obj_87.CFrame = CFrame.new(1.11758709e-07, 1.1920929e-07, 3.12924385e-07, 0.990064144, 0.0966803282, 0.102107152, -0.123837665, 0.255507171, 0.958843172, 0.0666121393, -0.961960971, 0.264941335)
	obj_87.Weight = 1
	obj_87.EasingStyle = Enum.PoseEasingStyle.Linear
	obj_87.EasingDirection = Enum.PoseEasingDirection.In
	obj_87.Parent = obj_84
	local obj_88 = Instance.new("Pose")
	obj_88.Name = "Right Leg"
	obj_88.CFrame = CFrame.new(0.603200674, 0.853063822, 0.173838973, -0.363589078, -0.912471354, -0.187614232, 0.930619836, -0.346736282, -0.117136255, 0.0418308899, -0.217187047, 0.975233316)
	obj_88.Weight = 1
	obj_88.EasingStyle = Enum.PoseEasingStyle.Linear
	obj_88.EasingDirection = Enum.PoseEasingDirection.In
	obj_88.Parent = obj_84
	local obj_89 = Instance.new("Pose")
	obj_89.Name = "Left Arm"
	obj_89.CFrame = CFrame.new(-0.183367312, -0.0135971159, -0.00591447949, 0.423271418, 0.892840743, -0.153872415, -0.83997798, 0.450371206, 0.302659929, 0.339526743, 0.00114205491, 0.940595686)
	obj_89.Weight = 1
	obj_89.EasingStyle = Enum.PoseEasingStyle.Linear
	obj_89.EasingDirection = Enum.PoseEasingDirection.In
	obj_89.Parent = obj_84
	local obj_90 = Instance.new("Keyframe")
	obj_90.Name = "Keyframe"
	obj_90.Time = 0.18333333730697632
	obj_90.Parent = obj_1
	local obj_91 = Instance.new("Pose")
	obj_91.Name = "HumanoidRootPart"
	obj_91.CFrame = CFrame.new(0, 0, 0, 1, 0, 0, 0, 1, 0, 0, 0, 1)
	obj_91.Weight = 0
	obj_91.EasingStyle = Enum.PoseEasingStyle.Linear
	obj_91.EasingDirection = Enum.PoseEasingDirection.In
	obj_91.Parent = obj_90
	local obj_92 = Instance.new("Pose")
	obj_92.Name = "Torso"
	obj_92.CFrame = CFrame.new(-0.0146835297, 0.0840814188, -0.31175971, 0.965718567, -0.222180024, 0.134252504, 0.0801155195, -0.23683393, -0.968241274, 0.246919423, 0.945804298, -0.21091485)
	obj_92.Weight = 1
	obj_92.EasingStyle = Enum.PoseEasingStyle.Linear
	obj_92.EasingDirection = Enum.PoseEasingDirection.In
	obj_92.Parent = obj_91
	local obj_93 = Instance.new("Pose")
	obj_93.Name = "Left Leg"
	obj_93.CFrame = CFrame.new(0.137407362, -0.101817966, 0.149916545, 0.866524875, -0.322127372, -0.381272554, 0.395478725, 0.909126282, 0.13071394, 0.304518372, -0.264052153, 0.915174961)
	obj_93.Weight = 1
	obj_93.EasingStyle = Enum.PoseEasingStyle.Linear
	obj_93.EasingDirection = Enum.PoseEasingDirection.In
	obj_93.Parent = obj_92
	local obj_94 = Instance.new("Pose")
	obj_94.Name = "Right Arm"
	obj_94.CFrame = CFrame.new(0.277984321, 0.0881205201, 0.0364482403, -0.0835802704, -0.908869386, -0.408620715, 0.318094075, -0.412936509, 0.85340476, -0.944367826, -0.0586521029, 0.323619366)
	obj_94.Weight = 1
	obj_94.EasingStyle = Enum.PoseEasingStyle.Linear
	obj_94.EasingDirection = Enum.PoseEasingDirection.In
	obj_94.Parent = obj_92
	local obj_95 = Instance.new("Pose")
	obj_95.Name = "Head"
	obj_95.CFrame = CFrame.new(2.98023224e-08, 4.47034836e-07, -7.4505806e-08, 0.989707172, 0.0936313495, 0.108227, -0.128967121, 0.25576508, 0.958097935, 0.0620272756, -0.962194085, 0.265207887)
	obj_95.Weight = 1
	obj_95.EasingStyle = Enum.PoseEasingStyle.Linear
	obj_95.EasingDirection = Enum.PoseEasingDirection.In
	obj_95.Parent = obj_92
	local obj_96 = Instance.new("Pose")
	obj_96.Name = "Right Leg"
	obj_96.CFrame = CFrame.new(0.529413342, 0.840773642, 0.167581156, -0.412665337, -0.889245212, -0.197358444, 0.910506129, -0.396466017, -0.117445372, 0.0261918884, -0.228161782, 0.973271012)
	obj_96.Weight = 1
	obj_96.EasingStyle = Enum.PoseEasingStyle.Linear
	obj_96.EasingDirection = Enum.PoseEasingDirection.In
	obj_96.Parent = obj_92
	local obj_97 = Instance.new("Pose")
	obj_97.Name = "Left Arm"
	obj_97.CFrame = CFrame.new(-0.200649083, -0.0260660499, -0.00815656781, 0.336996973, 0.932747483, -0.128121853, -0.860334516, 0.360354364, 0.360512495, 0.382436395, -0.0112640681, 0.923913181)
	obj_97.Weight = 1
	obj_97.EasingStyle = Enum.PoseEasingStyle.Linear
	obj_97.EasingDirection = Enum.PoseEasingDirection.In
	obj_97.Parent = obj_92
	local obj_98 = Instance.new("Keyframe")
	obj_98.Name = "Keyframe"
	obj_98.Time = 0.20000000298023224
	obj_98.Parent = obj_1
	local obj_99 = Instance.new("Pose")
	obj_99.Name = "HumanoidRootPart"
	obj_99.CFrame = CFrame.new(0, 0, 0, 1, 0, 0, 0, 1, 0, 0, 0, 1)
	obj_99.Weight = 0
	obj_99.EasingStyle = Enum.PoseEasingStyle.Linear
	obj_99.EasingDirection = Enum.PoseEasingDirection.In
	obj_99.Parent = obj_98
	local obj_100 = Instance.new("Pose")
	obj_100.Name = "Torso"
	obj_100.CFrame = CFrame.new(-0.015591532, 0.0719866082, -0.41925025, 0.964804232, -0.235393643, 0.11722891, 0.0711185485, -0.195612743, -0.978099167, 0.253169775, 0.952011287, -0.171987176)
	obj_100.Weight = 1
	obj_100.EasingStyle = Enum.PoseEasingStyle.Linear
	obj_100.EasingDirection = Enum.PoseEasingDirection.In
	obj_100.Parent = obj_99
	local obj_101 = Instance.new("Pose")
	obj_101.Name = "Left Leg"
	obj_101.CFrame = CFrame.new(0.116601825, -0.161558986, 0.131274283, 0.767862439, -0.502128482, -0.39781186, 0.575928688, 0.813021958, 0.0854488686, 0.280523419, -0.294724315, 0.913479209)
	obj_101.Weight = 1
	obj_101.EasingStyle = Enum.PoseEasingStyle.Linear
	obj_101.EasingDirection = Enum.PoseEasingDirection.In
	obj_101.Parent = obj_100
	local obj_102 = Instance.new("Pose")
	obj_102.Name = "Right Arm"
	obj_102.CFrame = CFrame.new(0.287399948, 0.0852832198, 0.0423307642, -0.0834377781, -0.948448718, -0.30575031, 0.214354768, -0.316720158, 0.923980772, -0.973185658, 0.0115556596, 0.229730815)
	obj_102.Weight = 1
	obj_102.EasingStyle = Enum.PoseEasingStyle.Linear
	obj_102.EasingDirection = Enum.PoseEasingDirection.In
	obj_102.Parent = obj_100
	local obj_103 = Instance.new("Pose")
	obj_103.Name = "Head"
	obj_103.CFrame = CFrame.new(4.47034836e-08, -2.38418579e-07, 1.93715096e-07, 0.990108192, 0.087571241, 0.109622277, -0.132428735, 0.325167209, 0.936338127, 0.0463507175, -0.941593111, 0.333547771)
	obj_103.Weight = 1
	obj_103.EasingStyle = Enum.PoseEasingStyle.Linear
	obj_103.EasingDirection = Enum.PoseEasingDirection.In
	obj_103.Parent = obj_100
	local obj_104 = Instance.new("Pose")
	obj_104.Name = "Right Leg"
	obj_104.CFrame = CFrame.new(0.427945971, 0.782429814, 0.148909047, -0.383965671, -0.899507761, -0.208461612, 0.923257113, -0.370857745, -0.100304775, 0.0129154064, -0.230977312, 0.972873449)
	obj_104.Weight = 1
	obj_104.EasingStyle = Enum.PoseEasingStyle.Linear
	obj_104.EasingDirection = Enum.PoseEasingDirection.In
	obj_104.Parent = obj_100
	local obj_105 = Instance.new("Pose")
	obj_105.Name = "Left Arm"
	obj_105.CFrame = CFrame.new(-0.214286149, -0.0396008268, -0.0111035109, 0.27260986, 0.957666457, -0.0925147533, -0.862759113, 0.285880983, 0.417035848, 0.425829351, -0.0338700674, 0.904169381)
	obj_105.Weight = 1
	obj_105.EasingStyle = Enum.PoseEasingStyle.Linear
	obj_105.EasingDirection = Enum.PoseEasingDirection.In
	obj_105.Parent = obj_100
	local obj_106 = Instance.new("Keyframe")
	obj_106.Name = "Keyframe"
	obj_106.Time = 0.21666666865348816
	obj_106.Parent = obj_1
	local obj_107 = Instance.new("Pose")
	obj_107.Name = "HumanoidRootPart"
	obj_107.CFrame = CFrame.new(0, 0, 0, 1, 0, 0, 0, 1, 0, 0, 0, 1)
	obj_107.Weight = 0
	obj_107.EasingStyle = Enum.PoseEasingStyle.Linear
	obj_107.EasingDirection = Enum.PoseEasingDirection.In
	obj_107.Parent = obj_106
	local obj_108 = Instance.new("Pose")
	obj_108.Name = "Torso"
	obj_108.CFrame = CFrame.new(-0.0161790773, 0.0522248782, -0.517002463, 0.96476388, -0.24813588, 0.0875181854, 0.0701045617, -0.0781828687, -0.994471133, 0.253606409, 0.965565205, -0.0580325425)
	obj_108.Weight = 1
	obj_108.EasingStyle = Enum.PoseEasingStyle.Linear
	obj_108.EasingDirection = Enum.PoseEasingDirection.In
	obj_108.Parent = obj_107
	local obj_109 = Instance.new("Pose")
	obj_109.Name = "Left Leg"
	obj_109.CFrame = CFrame.new(-0.0189079642, -0.199430823, 0.0628546327, 0.608099282, -0.683279753, -0.404158443, 0.752522886, 0.658282042, 0.0193435159, 0.252833128, -0.31590122, 0.914484501)
	obj_109.Weight = 1
	obj_109.EasingStyle = Enum.PoseEasingStyle.Linear
	obj_109.EasingDirection = Enum.PoseEasingDirection.In
	obj_109.Parent = obj_108
	local obj_110 = Instance.new("Pose")
	obj_110.Name = "Right Arm"
	obj_110.CFrame = CFrame.new(0.305974931, 0.0749648213, 0.0477819629, -0.0889600813, -0.992802441, -0.0801848099, 0.00354673108, -0.0808193609, 0.996722519, -0.996028841, 0.0883840322, 0.0107108308)
	obj_110.Weight = 1
	obj_110.EasingStyle = Enum.PoseEasingStyle.Linear
	obj_110.EasingDirection = Enum.PoseEasingDirection.In
	obj_110.Parent = obj_108
	local obj_111 = Instance.new("Pose")
	obj_111.Name = "Head"
	obj_111.CFrame = CFrame.new(1.52736902e-07, -2.98023224e-08, -1.49011612e-08, 0.990731895, 0.0860420838, 0.105105206, -0.132839754, 0.452225715, 0.881955504, 0.0283540264, -0.887743652, 0.459464312)
	obj_111.Weight = 1
	obj_111.EasingStyle = Enum.PoseEasingStyle.Linear
	obj_111.EasingDirection = Enum.PoseEasingDirection.In
	obj_111.Parent = obj_108
	local obj_112 = Instance.new("Pose")
	obj_112.Name = "Right Leg"
	obj_112.CFrame = CFrame.new(0.319958806, 0.698947489, 0.127260655, -0.278824478, -0.935186863, -0.218363136, 0.960292816, -0.269201159, -0.0732714236, 0.00973895006, -0.230122387, 0.97311306)
	obj_112.Weight = 1
	obj_112.EasingStyle = Enum.PoseEasingStyle.Linear
	obj_112.EasingDirection = Enum.PoseEasingDirection.In
	obj_112.Parent = obj_108
	local obj_113 = Instance.new("Pose")
	obj_113.Name = "Left Arm"
	obj_113.CFrame = CFrame.new(-0.223233521, -0.054193832, -0.0148973763, 0.236108661, 0.970488131, -0.0490462966, -0.850759745, 0.230841175, 0.472144186, 0.469532281, -0.0697507411, 0.880155861)
	obj_113.Weight = 1
	obj_113.EasingStyle = Enum.PoseEasingStyle.Linear
	obj_113.EasingDirection = Enum.PoseEasingDirection.In
	obj_113.Parent = obj_108
	local obj_114 = Instance.new("Keyframe")
	obj_114.Name = "Keyframe"
	obj_114.Time = 0.23333333432674408
	obj_114.Parent = obj_1
